1 0.3223958333333333 0.7712962962962963 0.06145833333333333 0.17592592592592593
1 0.43046875 0.6476851851851851 0.0671875 0.4361111111111111
1 0.5278645833333333 0.7018518518518518 0.06822916666666666 0.31851851851851853
1 0.6315104166666666 0.663425925925926 0.06822916666666666 0.38796296296296295
1 0.7393229166666667 0.6925925925925925 0.0578125 0.26666666666666666
1 0.32421875 0.7680555555555556 0.0671875 0.1787037037037037
1 0.42916666666666664 0.6472222222222223 0.07395833333333333 0.4444444444444444
1 0.52890625 0.6967592592592593 0.06614583333333333 0.325
1 0.62734375 0.6620370370370371 0.0765625 0.3851851851851852
1 0.7671875 0.8222222222222222 0 0.001851851851851852
1 0.6291666666666667 0.6620370370370371 0.06354166666666666 0.3814814814814815
1 0.740625 0.6916666666666667 0.05520833333333333 0.2722222222222222
0 0.31536458333333334 0.5375 0.08489583333333334 0.6435185185185185
0 0.425 0.5194444444444445 0.078125 0.6925925925925925
0 0.52109375 0.5101851851851852 0.08385416666666666 0.6981481481481482
0 0.6192708333333333 0.5018518518518519 0.08125 0.6981481481481482
0 0.7247395833333333 0.4824074074074074 0.08489583333333334 0.6814814814814815